/home/parallels/anaconda3/bin/python /home/parallels/PycharmProjects/HW3/q3/weight_svm.py
Gammab: 88.365717289
Computing kernel for training data ...
Computing kernel for kappa ...
Solving quadratic program for beta ...
     pcost       dcost       gap    pres   dres
 0:  1.7691e+03 -1.5254e+06  6e+07  3e-01  1e-12
 1:  1.0004e+03 -6.4889e+05  8e+05  7e-04  3e-10
 2:  1.0057e+03 -3.4968e+04  4e+04  7e-06  5e-12
 3:  9.7950e+02 -1.8006e+03  3e+03  5e-07  6e-13
 4:  9.6454e+02 -1.6282e+03  3e+03  4e-07  5e-13
 5: -7.1457e+01 -4.1690e+03  4e+03  4e-07  4e-13
 6: -5.7894e+01 -2.2404e+03  2e+03  1e-07  1e-13
 7: -5.9569e+01 -5.3444e+02  5e+02  1e-16  2e-16
 8: -1.0880e+02 -1.4228e+02  3e+01  1e-16  2e-16
 9: -1.1829e+02 -1.2207e+02  4e+00  2e-16  1e-16
10: -1.1975e+02 -1.2028e+02  5e-01  1e-16  1e-16
11: -1.1996e+02 -1.2004e+02  8e-02  1e-16  2e-16
12: -1.1999e+02 -1.2001e+02  1e-02  3e-16  1e-16
13: -1.2000e+02 -1.2000e+02  2e-03  2e-16  1e-16
14: -1.2000e+02 -1.2000e+02  2e-04  1e-16  1e-16
15: -1.2000e+02 -1.2000e+02  3e-05  1e-16  8e-17
Optimal solution found.
320 Beta: [0.0002376317757558654, 0.00023763177575585878, 1.3333332010410943, 0.00023763177575584907, 0.00023763177575576494, 0.00023763177575594665, 0.00023763177575576613, 0.0002376317757559499, 0.00023763177575583015, 0.0002376317757558315, 0.00023763177575582853, 0.00023763177575583064, 0.00023763177575590502, 0.00023763177575590827, 0.0002376317757559073, 0.00023763177575590366, 0.00023763177575584642, 0.00023763177575584712, 0.000237631775755848, 0.00023763177575584734, 0.00023763177575586973, 0.00023763177575586843, 0.00023763177575587314, 0.00023763177575586875, 0.0002376317757558313, 0.00023763177575601588, 0.00023763177575583075, 0.00023763177575602124, 0.00023763177575573984, 0.00023763177575592773, 0.0002376317757557401, 0.00023763177575592827, 0.00023763177575572824, 0.00023763177575591445, 0.00023763177575572927, 0.0002376317757559157, 0.00023763177575572835, 0.0002376317757557253, 0.00023763177575572732, 0.0002376317757557263, 0.0002376317757557778, 0.00023763177575578, 0.00023763177575578142, 0.00023763177575578077, 0.00023763177575559412, 0.00023763177575578277, 0.0002376317757555978, 0.00023763177575578093, 0.00023763177575562969, 0.0002376317757556286, 0.0002376317757556293, 0.00023763177575562687, 0.00023763177575564947, 0.00023763177575564882, 0.0002376317757556484, 0.00023763177575564757, 0.0002376317757556686, 0.000237631775755668, 0.00023763177575566958, 0.00023763177575566828, 0.00023763177575566243, 0.0002376317757556614, 0.00023763177575566216, 0.0002376317757556615, 0.0002020002158569999, 0.0002376317757564129, 0.00023763177575641833, 0.0002376317757564146, 0.00023763177575640738, 0.00023763177575640223, 0.00020200021585685196, 0.00023763177575640478, 0.0002376317757563426, 0.00023763177575634152, 1.1111111123674107, 1.1111111123673982, 2.22222222359047, 0.00023763177575639426, 0.00023763177575621006, 0.0002376317757563954, 0.00023763177575638494, 1.3333332010442807, 0.00023763177575638478, 0.00023763177575638017, 0.00023763177575631105, 0.0002376317757563085, 0.00023763177575631116, 0.00023763177575630856, 0.00023763177575633756, 1.3333334222374542, 0.00023763177575633745, 1.333333422237454, 0.0002376317757563169, 0.00023763177575631333, 0.0002376317757563174, 0.00023763177575631414, 0.0002376317757562054, 0.0002376317757563895, 0.0002376317757562047, 0.00023763177575638928, 0.00023763177575628254, 0.00023763177575627977, 0.0002376317757562832, 0.00023763177575628031, 0.00023763177575633008, 0.00023763177575632656, 0.0002376317757563298, 0.000237631775756327, 0.00023763177575635648, 0.0002376317757563549, 0.0002376317757563567, 0.00023763177575635518, 0.00023763177575634098, 0.00023763177575633794, 0.00023763177575634168, 0.00023763177575633827, 0.00023763177575630878, 0.00023763177575630655, 0.00023763177575630915, 0.0002376317757563066, 0.00023763177575626476, 0.0002376317757562641, 0.0002376317757562646, 0.0002376317757562616, 0.00023763177575629555, 0.00023763177575629061, 0.00023763177575629506, 0.00023763177575629262, 0.5555555566285647, 0.5555555566288909, 1.1111111116648318, 1.1111111116648162, 0.00023763177575637816, 0.5555555568831775, 0.5555555567557072, 1.1111111116910097, 0.0002376317757563755, 1.1111111119363728, 0.55555555688285, 0.5555555567560345, 0.0002376317757563755, 0.555555556756034, 0.5555555567557072, 1.3333334222375242, 0.37037037155199604, 0.3703703715519923, 0.3703703715519961, 0.000237631775756374, 0.00023763177575637583, 0.37037037155205554, 0.3703703715520596, 0.3703703715520562, 0.0002376317757563759, 0.0002376317757563741, 2.2222222030850385, 2.222222203085764, 0.00017271422623469436, 0.0001727142262346909, 2.222222261864112, 0.00017271422623469062, 0.0002376317757563755, 0.0002376317757563735, 0.00023763177575637578, 0.000237631775756374, 0.00023763177575637578, 0.00023763177575637356, 0.00023763177575637605, 0.0002376317757563742, 0.00023763177575637562, 0.00023763177575637377, 0.00023763177575637562, 0.0002376317757563735, 0.00023763177575637594, 0.00023763177575637372, 0.00023763177575637578, 0.00023763177575637372, 0.00023763177575637556, 0.00023763177575637366, 0.00023763177575637578, 0.00023763177575637383, 0.00023763177575637567, 0.00023763177575637356, 0.00023763177575637844, 0.00023763177575637394, 0.00023763177575637638, 0.00023763177575637415, 0.00023763177575637572, 0.00023763177575637377, 0.00023763177575637578, 0.00023763177575637388, 0.00023763177575637643, 0.000237631775756374, 0.00023763177575637583, 0.0002376317757563735, 0.00023763177575637535, 0.00023763177575637356, 0.00023763177575637784, 0.0002376317757563736, 0.00023763177575637643, 0.00023763177575637345, 0.00023763177575637854, 0.00023763177575637356, 0.00023763177575637616, 0.0002376317757563736, 0.0002376317757563762, 0.00023763177575637366, 0.0002376317757563762, 0.00023763177575637356, 0.00023763177575637838, 0.0002376317757563735, 0.00023763177575637675, 0.00023763177575637356, 0.00023763177575637627, 0.0002376317757563736, 0.00023763177575637833, 0.00023763177575637372, 0.00023763177575637838, 0.00023763177575637388, 0.0002376317757563785, 0.00023763177575637372, 0.00023763177575637833, 0.0002376317757563742, 0.00023763177575637844, 0.00023763177575637366, 0.00023763177575637854, 0.00023763177575637377, 0.00023763177575637822, 0.00023763177575637394, 0.00023763177575637638, 0.00023763177575637388, 0.0002376317757563785, 0.00023763177575637394, 0.00023763177575637833, 0.00023763177575637394, 0.0002376317757563766, 0.000237631775756374, 0.00023763177575637643, 0.00023763177575637388, 0.00023763177575637632, 0.00023763177575637394, 0.00023763177575637827, 0.00023763177575637377, 0.00023763177575637854, 0.00023763177575637366, 0.00023763177575637648, 0.00023763177575637388, 0.0002376317757563766, 0.000237631775756374, 0.00023763177575637665, 0.000237631775756374, 0.00023763177575637838, 0.0002376317757563741, 0.00023763177575637632, 0.00023763177575637404, 0.00023763177575637654, 0.00023763177575637404, 0.00023763177575637632, 0.00023763177575637383, 0.0002376317757563761, 0.000237631775756374, 0.00023763177575637556, 0.00023763177575637404, 0.00023763177575637583, 0.0002376317757563736, 0.00023763177575637605, 0.00023763177575637394, 0.0002376317757563762, 0.00023763177575637404, 0.00023763177575637535, 0.00023763177575637394, 0.0002376317757563759, 0.0002376317757563735, 0.00023763177575637594, 0.00023763177575637394, 0.00023763177575637556, 0.00023763177575637383, 0.00023763177575637545, 0.0002376317757563736, 0.0002376317757563762, 0.00023763177575637366, 0.00023763177575637627, 0.000237631775756374, 0.0002376317757563766, 0.00023763177575637415, 0.00023763177575637556, 0.00023763177575637356, 0.00023763177575637648, 0.00023763177575637432, 0.00023763177575637572, 0.00023763177575637426, 0.00023763177575637654, 0.0002376317757563742, 0.00023763177575637572, 0.00023763177575637388, 0.00023763177575637654, 0.00023763177575637415, 0.00023763177575637572, 0.00023763177575637394, 0.00023763177575637578, 0.00023763177575637404, 0.00023763177575637627, 0.00023763177575637388, 0.0002376317757563767, 0.00023763177575637404, 0.00023763177575637654, 0.00023763177575637388, 0.0002376317757563766, 0.00023763177575637404, 0.00023763177575637605, 0.00023763177575637388, 0.0002376317757563766, 0.000237631775756374, 0.0002376317757563766, 0.00023763177575637404, 0.00023763177575637686, 0.00023763177575637415, 0.000237631775756376, 0.0002376317757563742, 0.00023763177575637686, 0.00023763177575637442]
ACC:87.5%, Total:80/80 with positive 70
ACC:88.75%, Total:80/80 with positive 71
Accuracy: 87.5%, 88.75%

Process finished with exit code 0
